0.736624715037985	0.505441762061689	-1
0.710664940067149	0.565036631059077	-1
0.105334934681613	0.0688958474954688	1
0.958604467785189	0.163903075968651	1
0.423692880085245	0.510518780134503	-1
0.560113444003007	0.541539257161068	-1
0.0987827711110292	0.510035921566810	-1
0.483117658218534	0.121916607907219	-1
0.153624763543921	0.155749536131136	1
0.516202663397852	0.581805167787555	-1
0.796666886923888	0.974733516778378	1
0.576595567775278	0.529638235684598	-1
0.0668739600414979	0.288370830577306	1
0.248482422458477	0.196208702050257	1
0.908679436157011	0.215372962839834	1
0.889508473776880	0.437663408267884	-1
0.989806158451988	0.566949720723725	-1
0.613864765292363	0.281023091147718	-1
0.601346094254829	0.220444812720516	-1
0.797794327789756	0.172017444134905	1
0.610446566439828	0.0164175672011078	-1
0.377238680708853	0.516333711494218	-1
0.174646608490432	0.00241617154466800	1
0.0599142046576271	0.556002444329214	-1
0.152352644680710	0.555734261592874	-1
0.383418588028833	0.0737322218387670	-1
0.0130838670143263	0.396909231442454	-1
0.965373531078622	0.772204095857510	1
0.955603653434116	0.403069134364186	-1
0.0289597177906955	0.523322004017897	-1
0.397178806733152	0.392486014299919	-1
0.277810016828821	0.0670251061505053	1
0.780453305213959	0.764309893976534	1
0.445664016649587	0.568529722597222	-1
0.0573122580666343	0.614462640111386	-1
0.0479943403138646	0.588870389932447	-1
0.530814875588139	0.616628568319131	-1
0.766768060920667	0.239777320188078	1
0.614629194324132	0.791083701519205	-1
0.932432882611420	0.705646703447523	1
0.781576747911696	0.737876332989012	1
0.754902740907117	0.138417771899920	1
0.521981259694099	0.738517570539967	-1
0.511238454761319	0.564721516396457	-1
0.982569292670047	0.933614703164219	1
0.0859194848713005	0.852757845924034	1
0.985284229676402	0.167237727486248	1
0.611872176798615	0.0795688618013785	-1
0.0112204544432973	0.561003764484810	-1
0.768551517768436	0.459041822382362	-1
0.217346748370756	0.434114442662507	-1
0.397321397395443	0.0307028759373024	-1
0.262563873189216	0.442408672873009	-1
0.0786386197013217	0.467066509078016	-1
0.220119743646035	0.0103843695834612	1
0.484985012265265	0.593550306259397	-1
0.839009167320221	0.825934109059497	1
0.413152066815883	0.915917389447592	-1
0.402175572445444	0.267353022363131	-1
0.952686925216141	0.296017020496328	1
0.133750202136955	0.725831812093107	1
0.922773421317134	0.620868096152535	-1
0.487524639007083	0.376115038002208	-1
0.505692448683919	0.630671595427571	-1
0.00462576058235187	0.517286751502090	-1
0.779639443833603	0.871254226954330	1
0.792456860497627	0.557544888630403	-1
0.837900449095441	0.0286139199897849	1
0.0814341000567961	0.785588440622026	1
0.806140569013718	0.290904144706537	1
0.134776995255468	0.0571833459536408	1
0.934828315776462	0.882603065978140	1
0.614780026596316	0.164070518293558	-1
0.421772808948130	0.383200669584051	-1
0.485250739926732	0.912867761114875	-1
0.117262739217962	0.388772495378266	-1
0.869881663339071	0.791000739337585	1
0.531433268122008	0.726212306605527	-1
0.0251555091550247	0.175196358724433	1
0.248355247547984	0.103216090863034	1
0.723680484135885	0.817545422415790	1
0.432381178248802	0.980096005521268	-1
0.261450582796841	0.751684027310974	1
0.189409062205332	0.909740845132271	1
0.214478014236663	0.608514994465511	-1
0.494894581780918	0.459201368511990	-1
0.0330008321070456	0.0459135121001140	1
0.372624260801018	0.599667817530127	-1
0.274706538681146	0.818052364315487	1
0.264398923042338	0.223082381266260	1
0.744515378801041	0.732903459782046	1
0.803084003209930	0.972098144006049	1
0.772142838783120	0.492736572862743	-1
0.927245445494015	0.0949827963051177	1
0.0620185847052662	0.239078277853282	1
0.725694886449768	0.868830407975705	1
0.846529403285658	0.623984052109870	-1
0.842396744786328	0.271247940839793	1
0.0489188877887211	0.0319739703791037	1
0.758804444178936	0.869332459866006	1
0.874429094310285	0.985421807575469	1
0.518499669460245	0.532953449447278	-1
0.453945205687372	0.378596783996379	-1
0.179503067177272	0.783771696788792	1
0.847399457231030	0.914090332273794	1
0.523596071921231	0.911044080151820	-1
0.232703629297068	0.119121720497745	1
0.903273904045203	0.0348276901679443	1
0.541256965347780	0.904506728914642	-1
0.0986849735350523	0.930740878431636	1
0.857083631354171	0.589996197292355	-1
0.0427379691775538	0.0564480697228618	1
0.142041748351223	0.882159502849003	1
0.217497649793840	0.849515591686605	1
0.777462074482948	0.568739721598088	-1
0.0253237781112557	0.0676049985569037	1
0.833779609211363	0.383213141254040	-1
0.788561803113904	0.522327510379150	-1
0.879659663407538	0.496759262274967	-1
0.545244062198411	0.0167762123929304	-1
0.898888853484247	0.264058568502416	1
0.0994934710882014	0.141901125095577	1
0.0909392916770990	0.0329705520921767	1
0.0342393324478790	0.289313823959527	1
0.166065758635189	0.163104474956854	1
0.998078594941955	0.988978670224991	1
0.415485201282559	0.131302381093545	-1
0.754333384396180	0.467299577319128	-1
0.912260083517071	0.873564922067754	1
0.204717068840118	0.272825045041050	1
0.0728788179522709	0.0808910056328515	1
0.587200686173216	0.186345829527341	-1
0.542486621082793	0.760009352669009	-1
0.450019731881968	0.517449306261014	-1
0.162550180480761	0.701595048422459	1
0.764920733957713	0.0450741995339383	1
0.983300332487826	0.890251371223444	1
0.827703375396012	0.164873006449157	1
0.881132801236475	0.502564483126831	-1
0.0704502775610348	0.531819449418421	-1
0.477865346178079	0.624002538761107	-1
0.738754794315637	0.964568497332221	1
0.733736908889774	0.569174194009442	-1
0.816245277273153	0.577671953284539	-1
0.533480060855814	0.937487785255635	-1
0.560833396451542	0.0615602129472785	-1
0.550755647407727	0.0993981036500629	-1
0.0211027090790837	0.608668865394413	-1
0.736771212947088	0.804352282814979	1
0.833971738754734	0.0323153708239287	1
0.836319659472614	0.521932951398231	-1
0.0331203679365166	0.297647950773702	1
0.0949251782848999	0.597717356281389	-1
0.850908008566850	0.0615488767878051	1
0.522199819493933	0.891163811880989	-1
0.0163664557099252	0.953334131435845	1
0.129177156602223	0.180876206379909	1
0.593174705169208	0.0735452478789160	-1
0.721787369280583	0.988031740772864	1
0.0370252216352661	0.427905968422523	-1
0.176169340389678	0.758982402109534	1
0.232436637070023	0.923166041275947	1
0.715012793230278	0.872115748653451	1
0.770586055243288	0.963364612210939	1
0.589379482134796	0.296760292740772	-1
0.872938787294150	0.710038697628770	1
0.453991393466129	0.901097787084415	-1
0.983929045970749	0.874200675667437	1
0.259961416761581	0.828601315190104	1
0.596743802050488	0.906135806383649	-1
0.279328899198392	0.627932504498251	-1
0.279209912723788	0.572596077361343	-1
0.811281073479239	0.508221529990653	-1
0.0762412206020542	0.864826598284171	1
0.369372693937438	0.140238369386772	-1
0.958330989384955	0.592993758427694	-1
0.993734842237702	0.513366628422572	-1
0.425572267672731	0.244619914485927	-1
0.433152991325934	0.973505625311446	-1
0.769975273230104	0.110501844372499	1
0.755700280867839	0.514626474410192	-1
0.992393933214707	0.481052599317722	-1
0.203073406455532	0.0681718734048383	1
0.375416971500507	0.388843144123239	-1
0.708670176429508	0.805203215911553	1
0.163497946989236	0.786655637028361	1
0.809012249269781	0.411976393369852	-1
0.218956897703679	0.798066760618606	1
0.461998204135960	0.587479338035421	-1
0.505193068431357	0.826819924987296	-1
0.0275111118604425	0.489147408087510	-1
0.613717258420128	0.284127022809931	-1
0.423611963323757	0.265970544306739	-1
0.290784581891318	0.538556461892072	-1
0.430515440480443	0.990674779912060	-1
0.550274236761594	0.769157985149629	-1
0.122461045504512	0.586098077748050	-1
0.130425046892518	0.790853258887403	1
0.228788197941979	0.548924856413875	-1
0.106923399897953	0.0764199308439892	1
0.0930371793283046	0.474316534660652	-1
0.188572905742624	0.849727496009202	1
0.541482588423314	0.236797569892631	-1
0.521406921805295	0.541488542065278	-1
0.941816575794057	0.368907202722624	-1
0.718557554852410	0.769036947395334	1
0.248357586426725	0.967452915231563	1
0.802128402172876	0.193194442421816	1
0.761633821857509	0.0910558747253021	1
0.906653800098843	0.958343792715846	1
0.947949684175439	0.208140010076906	1
0.0885159840496630	0.894842939476145	1
0.421534513752630	0.504160043115009	-1
0.367533367605065	0.562223438049246	-1
0.852528590674442	0.789344549208544	1
0.0538531199528909	0.220180026909679	1
0.999067042162430	0.0760419419301047	1
0.415017360884189	0.0821856780218047	-1
0.104579559223633	0.855495581104989	1
0.589612224609026	0.474297337651695	-1
0.376575715029282	0.460043815587336	-1
0.700369541067379	0.574061870053921	-1
0.242934140773795	0.842825235947153	1
0.742119399006556	0.0758215274604790	1
0.492794046122532	0.432499273480823	-1
0.287567318795898	0.0460720460262015	1
0.429843610108470	0.426622732841337	-1
0.478112808942906	0.615571878010216	-1
0.931920013137550	0.243014654438024	1
0.836229736161115	0.844716599733770	1
0.289975682550938	0.882797388089926	1
0.958075003433249	0.928256135074519	1
0.723048334319942	0.562633753754441	-1
0.523249843961214	0.770146814816446	-1
0.0527687033779026	0.507220197392055	-1
0.960015357080117	0.612585159631817	-1
0.0654667561872731	0.0839054419965696	1
0.979136144491202	0.714107751355513	1
0.294845030689414	0.298378969306807	1
0.949908846358517	0.233191378279156	1
0.000904598853058602	0.282018317157157	1
0.878455437823958	0.250563730437850	1
0.850536754283391	0.123544643414438	1
0.0983301033742745	0.278390762063330	1
0.628119103521096	0.247568333666930	-1
0.400416696744513	0.568767474783378	-1
0.928052430831459	0.0513477287859975	1
0.880605659457452	0.823165874217522	1
0.619080856675795	0.0369454469815478	-1
0.893940761512517	0.267170720746628	1
0.00412487501082448	0.625757474800833	-1
0.0904526895660369	0.712340670978157	1
0.595820023228063	0.275834584707883	-1
0.299312727255091	0.996084814349018	1
0.179546536444424	0.132322364847183	1
0.283340135314643	0.897559900103480	1
0.135854835001849	0.237941500948258	1
0.563495506068162	0.0670901057522987	-1
0.856053421517863	0.989005563991414	1
0.0304084344485077	0.212024554796666	1
0.850323862718259	0.287534636449249	1
0.232800489509599	0.504589313925345	-1
0.754936468225829	0.630568334005913	-1
0.0563904328316007	0.393183301418052	-1
0.184121151982000	0.130033528591493	1
0.994602559989464	0.0702381847159612	1
0.516699703376944	0.0453836694078820	-1
0.538151013594407	0.553927958731331	-1
0.271513995624893	0.890816186871401	1
0.378256980450822	0.585793736675153	-1
0.512146572773542	0.531545942369249	-1
0.468933678773109	0.407506672042408	-1
0.154167158186831	0.261374692222157	1
0.215126080518626	0.609210277533585	-1
0.606139166231606	0.759272640614699	-1
0.182345124911953	0.233894078246413	1
0.867691456244425	0.288725339203068	1
0.527718104582934	0.0226978341164412	-1
0.974537629655931	0.291437156684378	1
0.607605310564352	0.607601700563822	-1
0.776487807153511	0.756167923596292	1
0.0634819601111457	0.884363551511168	1
0.591157019335551	0.895502691537010	-1
0.899757533231990	0.0780761008444534	1
0.509787994008690	0.525871135885568	-1
0.532834785649560	0.0451454253907682	-1
0.798575636163701	0.796612607887417	1
0.463057825671424	0.235507341550144	-1
0.557317047715037	0.267437572186468	-1
0.743033643725929	0.142383823921751	1
0.514321677398306	0.193852082297026	-1
0.120782358492523	0.833385561052224	1
0.268086670460766	0.745104264516339	1
0.924859012550818	0.743854537613791	1
0.589397306346545	0.265942319270568	-1
0.539223418736590	0.113418325852813	-1
0.937265264691391	0.0489807128052342	1
0.255628958293643	0.276119578046616	1
0.557116139480797	0.626700986549613	-1
0.738684886893027	0.574108017616169	-1
0.139705895038490	0.409374043617392	-1
0.973488582318938	0.284313720327795	1
0.424539768316478	0.834082705105683	-1
0.0762116456896338	0.757351681107466	1
0.107926188231594	0.865907887445865	1
0.972241315159768	0.416934669908416	-1
0.570353339236255	0.742513517841662	-1
0.483824883183887	0.0699354873125953	-1
0.245756858601072	0.735625776527833	1
0.960137140827273	0.871374928352472	1
0.969658296360150	0.561023285528273	-1
0.762140898634666	0.245850036918813	1
0.525095840809228	0.134488408708818	-1
0.446790244714577	0.237611512578303	-1
0.443405928293768	0.0390195122460559	-1
0.822277174423012	0.260817682013955	1
0.505403407519289	0.460498710407753	-1
0.157446031156873	0.152665939974693	1
0.105101287671345	0.391645805590429	-1
0.870621818612893	0.964606511590979	1
0.826875222837622	0.120883855081262	1
0.946069323977357	0.914894686910449	1
0.630603912133687	0.456607321713079	-1
0.513402218344765	0.904682764693900	-1
0.555994970075604	0.291900257612421	-1
0.987430970242978	0.782188832835848	1
0.626901509093195	0.0559069255372359	-1
0.852016973881539	0.213043797351518	1
0.490250621804489	0.776544044444511	-1
0.243831396532202	0.907882716205727	1
0.550075064418023	0.608882731596351	-1
0.101567016003368	0.544556787196266	-1
0.474312083106096	0.753117743468018	-1
0.174531168107110	0.877259107150336	1
0.110386313590483	0.855831450381452	1
0.718990603268030	0.407614455577635	-1
0.767616586603275	0.0478552912221630	1
0.927185202538995	0.238427738425595	1
0.756954049487111	0.0139591852522315	1
0.880559509577981	0.907122966953268	1
0.267340285980459	0.867329904127074	1
0.168216820292786	0.147172680336190	1
0.170774934576798	0.418244026857659	-1
0.925775412396874	0.210175701878343	1
0.108623586670381	0.767454867737524	1
0.834149341938526	0.242545724394995	1
0.151815012788866	0.886141259508753	1
0.855876116022027	0.297543142455649	1
0.598567527704985	0.190677953527808	-1
0.197768259893043	0.724119487351550	1
0.797530519850749	0.956810368364428	1
0.787385651645916	0.901467029531018	1
0.0955850832602574	0.700584448355976	1
0.171447782118478	0.813472056506204	1
0.602812097009879	0.866424693493208	-1
0.267284872097206	0.230451301108749	1
0.789299751611353	0.626475535657307	-1
0.616613442810328	0.243942257793792	-1
0.932020594067502	0.715829336459532	1
0.120188087418612	0.244633404403314	1
0.606886216020793	0.737832292346297	-1
0.489867649801154	0.907811867621156	-1
0.529701380634013	0.842232477650557	-1
0.221869131323914	0.971466220988457	1
0.748180899172756	0.142859491474701	1
0.258153903293609	0.856911997459439	1
0.199113976799482	0.762051784915656	1
0.871523372745114	0.760261552240390	1
0.0271855015178478	0.459418118775865	-1
0.0363402135001056	0.384084020041047	-1
0.437993666997028	0.107428681932874	-1
0.0656876281407486	0.455471809246363	-1
0.979386424179718	0.147246518434498	1
0.628900063956544	0.293591548700414	-1
0.475499863167847	0.193467883962102	-1
0.200028145668540	0.394228693004462	-1
0.858494732522432	0.193486034492081	1
0.0675401047899903	0.0317353525689889	1
0.611868414525087	0.746942359108157	-1
0.914600373605335	0.590634275144069	-1
0.884110438157532	0.296428660980551	1
0.245313033938969	0.815503242315164	1
0.958201906958456	0.892512509373892	1
0.452296699863362	0.589582772188245	-1
0.888558143908744	0.815188486290697	1
0.464850393690310	0.555127769649246	-1
0.585221361302260	0.814574005385126	-1
0.0116790120991487	0.0383539150350227	1
0.728435390588811	0.848485428857009	1
0.415300351493410	0.114485858633026	-1
0.118637485115407	0.151174262775075	1
0.596256415905622	0.728034491713809	-1
0.00468785953265283	0.201974027625232	1
0.939454779184277	0.738008455846378	1
0.271798077177966	0.209038974682237	1
0.753737331398782	0.728759777502934	1
0.283710125861441	0.512972180342107	-1
0.535614507734284	0.959335269074201	-1
0.0602160721163846	0.184443548361911	1
0.466638676984603	0.739105109130240	-1
0.368810167484628	0.374367847879008	-1
0.917393929268497	0.976079698595778	1
0.0115730362262235	0.0352112599091290	1
0.821237024807033	0.0393503446873331	1
0.857736890453325	0.135622014504840	1
0.110576890289008	0.238739364541859	1
0.704999404231229	0.859359462229851	1
0.551666431230606	0.914478276499064	-1
0.520627790433433	0.00760761002230126	-1
0.161414920332861	0.609729696858452	-1
0.523950795320327	0.619194637447203	-1
0.607800460893577	0.948317968491582	-1
0.760314937511405	0.373760756735783	-1
0.163862530614109	0.227565375346174	1
0.494361693992048	0.568183289371269	-1
0.764688031197058	0.560081271920557	-1
0.838865613935359	0.872199114562593	1
0.538263665925179	0.723668530402102	-1
0.837816925078426	0.266740249623012	1
0.242976884143918	0.121991028115945	1
0.0194840559449759	0.150852744780748	1
0.226349479085280	0.617685248614141	-1
0.919941012173987	0.775325616592217	1
0.935995221534033	0.732936280103416	1
0.488629533539644	0.736283558244648	-1
0.516585647824518	0.227050611254484	-1
0.285233545526516	0.466279469338536	-1
0.00945048493516643	0.898957920892012	1
0.292949715368430	0.544240637065518	-1
0.155092369293142	0.794492661558489	1
0.225577605295406	0.774849110506541	1
0.877622027971485	0.509021208740931	-1
0.605727560686071	0.0257517995825106	-1
0.0691828794492394	0.242368419154235	1
0.218545646898892	0.901011772014337	1
0.779994277680491	0.448383782974622	-1
0.629077444732318	0.0627939272988536	-1
0.0706164231144557	0.0992591275526461	1
0.519659436030759	0.513530624194578	-1
0.947529638503565	0.380071368278669	-1
0.0208506707549020	0.00169660405914329	1
0.728717839188495	0.717576837477861	1
0.0730870653482387	0.169334994904026	1
0.758045563208250	0.621150838370814	-1
0.0507225910295330	0.424611275058102	-1
0.500774905032007	0.178810185796471	-1
0.530089774954143	0.887455637212483	-1
0.738251527013513	0.159934583953068	1
0.274568454562043	0.0978455485899274	1
0.238035649865866	0.761438918911578	1
0.759943112834004	0.894076152223764	1
0.960094440618583	0.247727253500115	1
0.166206360459239	0.597233260020138	-1
0.378593891588754	0.0766172962453304	-1
0.0968023809607836	0.266547538274611	1
0.934562390018701	0.846328076626995	1
0.730205328452648	0.487419392207133	-1
0.573569621911423	0.213334544013397	-1
0.161333658106953	0.764782048395018	1
0.886370585396897	0.396143550272663	-1
0.901998690405762	0.822659247713372	1
0.758582140498749	0.525027913483901	-1
0.496224881215363	0.0483825407018170	-1
0.288966782967414	0.614735381186060	-1
0.143057151152454	0.991897359182668	1
0.139538463016827	0.572066651345123	-1
0.216238529731889	0.232496979156012	1
0.555821687231147	0.117017285771908	-1
0.0511837396110727	0.130376401525610	1
0.417352629067102	0.741824103710231	-1
0.711580162983245	0.138313264430914	1
0.879273035145493	0.187152091446844	1
0.601479439532303	0.396475725840333	-1
0.815420643331783	0.458718027215108	-1
0.376389436668927	0.170467627427738	-1
0.0254919736308038	0.372359685392546	-1
0.978782120362435	0.897637887690481	1
0.943021444117846	0.724393456837973	1
0.981063854302025	0.406703414775156	-1
0.0669639657238490	0.186363016824633	1
0.195257465046639	0.0515842380028517	1
0.423405961364762	0.943964003732852	-1
0.537076428867559	0.420620040014145	-1
0.463277149042941	0.596144224822929	-1
0.625909395318740	0.513544188697110	-1
0.502559399774613	0.895827497800479	-1
0.791777049227957	0.185832659305623	1
0.710351922743513	0.0935017105822688	1
0.569404875609126	0.0565558653007302	-1
0.157098778152825	0.0476367591715683	1
0.925833323780883	0.475505148161666	-1
0.983197125982487	0.927014113630185	1
0.723173576203451	0.411362997872264	-1
0.187558434130952	0.870005757027722	1
0.860131725000804	0.710000176993582	1
0.129059896593257	0.942366732692211	1
0.743471610887260	0.480171261790828	-1
0.0478784442107644	0.434611189544999	-1
0.0595371200358907	0.524489965199801	-1
0.919762447188517	0.469051032847975	-1
0.171724525327324	0.958542844315621	1
0.0880464176538843	0.856098365868987	1
0.204443303050323	0.854618263383321	1
0.0395596684082392	0.156802762402933	1
0.491791066423330	0.0771065877119569	-1
0.405016135792260	0.534212891875811	-1
0.0570819583651246	0.453919233848035	-1
0.630336994925782	0.792426884258441	-1
0.214581225644755	0.218776684921725	1
0.394560935064163	0.731537491800562	-1
0.796107697524695	0.459925963659995	-1
0.879036941926672	0.405042885330904	-1
0.780077122353383	0.251685269100308	1
0.702482596425827	0.581144730433948	-1
0.420672226718274	0.808327436867258	-1
0.0783089938170077	0.148746386214487	1
0.380749971057497	0.491410020650077	-1
0.437689223655330	0.891694644230395	-1
0.273786188357266	0.282826166325368	1
0.231351027027652	0.0647121084466005	1
0.737897949419493	0.0605151038488364	1
0.879400035000465	0.579086631659611	-1
0.772488018509588	0.836962990640345	1
0.588174490828259	0.0415269237204632	-1
0.246188510868016	0.391318374563894	-1
0.398386263151892	0.866306502020659	-1
0.806779803711287	0.0252594423804325	1
0.489634390843651	0.830927547193480	-1
0.781287145262056	0.0128308541561479	1
0.449976974673924	0.466689640137522	-1
0.833240408663494	0.831623506789702	1
0.0866290637763408	0.507053187458296	-1
0.980718474806977	0.838729531957502	1
0.566428418729578	0.567656773449172	-1
0.207679389907336	0.773961150177169	1
0.0625214672363230	0.107592461277769	1
0.556806599520539	0.396930610524544	-1
0.626754221819756	0.0543589633141243	-1
0.599863609913649	0.374866402099120	-1
0.210636149188983	0.366856082017091	-1
0.253914831802292	0.284172863820933	1
0.523173950113029	0.425533741218118	-1
0.124716558330939	0.625100294479835	-1
0.452696285403787	0.600122179491422	-1
0.992595860667378	0.980508493704767	1
0.399228825940178	0.764330942615799	-1
0.0619117167566564	0.718900321707892	1
0.292961255972820	0.880662068750789	1
0.552271825080349	0.0106503008422745	-1
0.740127279264061	0.571535370546996	-1
0.493858175306489	0.533629837422273	-1
0.628668641699644	0.0627168017233694	-1
0.753146300574143	0.564695085378318	-1
0.136880534264345	0.440578498394002	-1
0.906962104678691	0.0989056755053570	1
0.378876588287616	0.127115742599267	-1
0.529622209285288	0.801628699007852	-1
0.988615001590479	0.254883088972119	1
0.958209313456330	0.499928463876180	-1
0.817646076513040	0.522995609955883	-1
0.423895470686491	0.0196049993426315	-1
0.817976533449552	0.877013597667148	1
0.444495886655101	0.460103159141060	-1
0.380260347416991	0.979938806059452	-1
0.707235169146731	0.569474911078230	-1
0.238916119195147	0.874304268392361	1
0.175765112638488	0.241524416499248	1
0.238146767517370	0.117559394450335	1
0.283591618719028	0.151404575196897	1
0.0406487137340067	0.0594939000122010	1
0.551416683951155	0.200205950054691	-1
0.942498982581975	0.868241887576531	1
0.787836608192952	0.770874095022765	1
0.241432222328273	0.931870752410629	1
0.0152575092526921	0.0698914508974635	1
0.768547506744655	0.977305036427196	1
0.384164971274996	0.118515907454858	-1
0.218626720990041	0.485428085193575	-1
0.563322082264663	0.415277708452992	-1
0.220633325251943	0.915841035413253	1
0.162637054472193	0.159457665593240	1
0.399640050093037	0.203607917298397	-1
0.0203949410630104	0.150089535165601	1
0.423270130284549	0.957696443803654	-1
0.00327329991158387	0.748681324956193	1
0.0448600286941586	0.206451980537833	1
0.201336331996920	0.219563460696100	1
0.600349620129511	0.449300229401053	-1
0.231722457925969	0.940374486077781	1
0.566547879788075	0.581939732767510	-1
0.550749671427242	0.147726755535676	-1
0.989923506936783	0.184302726638946	1
0.148359250361407	0.0828925618287876	1
0.851287667320353	0.213927712657482	1
0.787180010527188	0.526436081645721	-1
0.0188389622432148	0.458999210204170	-1
0.263451715194578	0.215458622864084	1
0.998589723414933	0.220275658355210	1
0.710540617746818	0.890088497396006	1
0.121068248386720	0.896616649062539	1
0.556681340271155	0.119727750238206	-1
0.587106720646176	0.825488198307434	-1
0.865261678105272	0.845129221893249	1
0.487784285652650	0.594998942858514	-1
0.500098078791296	0.263061503131858	-1
0.444138521478666	0.975649063469880	-1
0.565923689643975	0.794542469570690	-1
0.0152227150873103	0.924433095877258	1
0.552833547476891	0.466307715142174	-1
0.935824215383956	0.613565106066660	-1
0.481772301596827	0.410488860573768	-1
0.143465565201252	0.771409919806905	1
0.0786227516093100	0.415174840274179	-1
0.445407925813256	0.149070708808015	-1
0.465510336176384	0.494318775311428	-1
0.736678637754769	0.848694388607203	1
0.533090326961467	0.445928229153763	-1
0.206323180349956	0.497077360999980	-1
0.156967245259197	0.156128141242073	1
0.437575868338577	0.204691800495836	-1
0.926744192452944	0.124508324888258	1
0.862582601622939	0.772918276174151	1
0.560227281225362	0.579581470041055	-1
0.842279598560883	0.427302931829224	-1
0.787970869649794	0.276805534590329	1
0.536371208102865	0.978040385175789	-1
0.00183038387212930	0.964917283776860	1
0.370152466633967	0.728053972877367	-1
0.436120802744759	0.724777304632142	-1
0.146777396544920	0.0858497215766604	1
0.565367033193397	0.527904226389608	-1
0.403116857984051	0.851542742669723	-1
0.0539818085177951	0.209986036918477	1
0.135984719774865	0.826739561415363	1
0.390509652996561	0.206409569589100	-1
0.457555564498429	0.475495627297075	-1
0.607155815474691	0.927949937154190	-1
0.197118332805330	0.0301212458382484	1
0.143521090561309	0.720036195118740	1
0.767379950824231	0.376215712094936	-1
0.0566110406990285	0.864926871458687	1
0.420361597358419	0.854954785066285	-1
0.460863802875603	0.548099279874230	-1
0.535502643550151	0.0434136672547442	-1
0.828422805979749	0.533580393824481	-1
0.998370091905410	0.825267805030646	1
0.382405458794742	0.566274570651202	-1
0.190079981771239	0.219237477073995	1
0.934896023577981	0.373822578367492	-1
0.382611717672659	0.472485253765861	-1
0.0278736060452789	0.0948331102518670	1
0.593066375584962	0.0631454337532877	-1
0.731305229694702	0.816480682565122	1
0.0619615956486654	0.297635229729985	1
0.153040789539826	0.787570709887446	1
0.755653792294532	0.456372395119526	-1
0.495833218424375	0.910177298905722	-1
0.384369079163957	0.550671099530174	-1
0.288317822217499	0.429217538247723	-1
0.186366464429075	0.399053573935824	-1
0.947337577515949	0.0632966031693510	1
0.398056390262167	0.716191719759761	-1
0.139151681124447	0.719923681383164	1
0.541372661862117	0.741172704425510	-1
0.548450043884377	0.260415736246741	-1
0.396588617462299	0.00987002688579819	-1
0.162784582025460	0.896160755443216	1
0.468100120595734	0.743236037670740	-1
0.593644658893117	0.293986299831060	-1
0.0853343767891373	0.184342604119778	1
0.497140759324717	0.162956226687924	-1
0.776898758063257	0.0757900195637770	1
0.133817922442649	0.436978740562955	-1
0.700194935136202	0.271619738143893	1
0.830731114447627	0.237105380754701	1
0.513147833932878	0.146549362796243	-1
0.00481381008987647	0.470824735615893	-1
0.973021728005723	0.391399518583142	-1
0.144657628427456	0.156016490842941	1
0.774765742405549	0.141592359877246	1
0.543409504461026	0.159461502428387	-1
0.407238592459026	0.871876954911026	-1
0.920303860124535	0.803712432445543	1
0.112509233229014	0.492171222201712	-1
0.255083897211059	0.401841879546834	-1
0.155677121940580	0.862601071294337	1
0.813110879775434	0.180836397780800	1
0.629638827774502	0.925567844441550	-1
0.547277026175674	0.469160798375915	-1
0.285949044987479	0.887939019898208	1
0.0973131576039695	0.982358897226306	1
0.831218419657925	0.0323355015709063	1
0.468767695860642	0.448279191403640	-1
0.260999895824086	0.797915762729323	1
0.284530442375231	0.632758044688588	-1
0.973478589083218	0.0595592872386542	1
0.282558150297223	0.389405554312910	-1
0.853993012569156	0.420234118136111	-1
0.752279741369618	0.885303246347037	1
0.259131280125865	0.611507512145832	-1
0.947138489197696	0.615348707277027	-1
0.847132318058908	0.877161705233405	1
0.842374695070539	0.766863255961453	1
0.777156343575887	0.750090983119669	1
0.473755329949355	0.115621892999915	-1
0.851165526567264	0.204089525841316	1
0.929184422884571	0.116260192541944	1
0.0242436465594476	0.841459795418762	1
0.729087305104052	0.381573844203648	-1
0.466319730923973	0.454045781177121	-1
0.591193765502943	0.0738874433403629	-1
0.984497712415632	0.0251649701599331	1
0.847007491320461	0.961114519930276	1
0.976697224260453	0.158394534288605	1
0.277363250387579	0.236765101181137	1
0.548099909662181	0.0843274642337550	-1
0.285205740939857	0.0621675919688018	1
0.785491175591435	0.156857287921070	1
0.183005379238528	0.274550320652175	1
0.0557446501296444	0.714036002448029	1
0.618373489821286	0.571786584196653	-1
0.589941389374279	0.515193161916588	-1
0.375036038352001	0.577329950748616	-1
0.0226182249039055	0.00494271342247377	1
0.506772879136637	0.544734709612511	-1
0.787172059365427	0.0920640530026420	1
0.762037590058288	0.272323872914894	1
0.934324779439803	0.590728015148575	-1
0.795179958221634	0.00462732395415677	1
0.454261390379564	0.0307507353083792	-1
0.132859803204658	0.165515310532669	1
0.207615247634502	0.269974486871267	1
0.767654663544934	0.584021930201778	-1
0.457255282782492	0.538518534306093	-1
0.725843102869637	0.790670725774906	1
0.106725569491779	0.372718938149102	-1
0.439141166369223	0.752009256170531	-1
0.855583682509651	0.551939075971854	-1
0.911929354923008	0.850919790140008	1
0.372362436968764	0.574400626027995	-1
0.102235461961869	0.768253952267114	1
0.218809858555459	0.984270322304920	1
0.866431315646603	0.105585169484348	1
0.453884991158896	0.379853810070236	-1
0.181753759052123	0.472715928249649	-1
0.0674385292105750	0.222568720638446	1
0.801866982799001	0.226850908342202	1
0.463418954701280	0.0217578003871021	-1
0.852422629064397	0.0154733849753969	1
0.625647993564420	0.783849853309317	-1
0.180490998845987	0.0186470896064900	1
0.0300702094583002	0.902727159582464	1
0.129778491130344	0.196604736084927	1
0.731534578056076	0.522871110360676	-1
0.772980317541286	0.706730330442121	1
0.795799583470678	0.758894376648529	1
0.165345277647948	0.505575702071330	-1
0.717102915689721	0.765774402799521	1
0.393865980885231	0.925017556626161	-1
0.815829943432681	0.901099215301894	1
0.529975271796379	0.551714879609583	-1
0.947356451382742	0.521025047230434	-1
0.578165406939369	0.608923256007423	-1
0.190229096159925	0.727960171573794	1
0.392261112726517	0.875941509519679	-1
0.998756283443465	0.473321817886645	-1
0.908570819571801	0.181048297722995	1
0.0297702368308634	0.129271428321000	1
0.481277122200334	0.860052226194233	-1
0.402482970825134	0.187592221318804	-1
0.154091033772534	0.171215005324823	1
0.949325495276995	0.399894501156498	-1
0.959295423619886	0.935526882464649	1
0.989940799059916	0.476235123154200	-1
0.836013835411808	0.402235787745651	-1
0.863771403304308	0.440980718960430	-1
0.761924626541842	0.137983753920739	1
0.165267646441439	0.980338805574874	1
0.0794741568677688	0.439650061821641	-1
0.508894579290508	0.803841880969555	-1
0.0930402625569669	0.817665022881234	1
0.437859128847775	0.231527841123482	-1
0.379150875535018	0.257809831332950	-1
0.995592367220847	0.124106931736225	1
0.869492229395656	0.407057774883990	-1
0.947906559807061	0.0676924853563038	1
0.254304842122024	0.109760272899246	1
0.0484916324220905	0.529556221508633	-1
0.831838695092381	0.211501969623790	1
0.596021891944303	0.994119952916807	-1
0.214739790766330	0.744640810683006	1
0.535169282982425	0.982235113456661	-1
0.0557555570829010	0.951381996639724	1
0.431049305282942	0.471607769507925	-1
0.190738233247638	0.987535598807767	1
0.847367010662909	0.951736091303245	1
0.256983639677106	0.113648681336210	1
0.377205534236570	0.117273783464776	-1
0.733514334816772	0.000695414597978616	1
0.0116370584518722	0.369181311324344	-1
0.221706147649821	0.120341122710259	1
0.0670717982470392	0.711912231934842	1
0.705654138788337	0.957513757835886	1
0.277482257266782	0.788983788799339	1
0.139013530408076	0.109614340006912	1
0.374769006953310	0.723962548128210	-1
0.835877833468623	0.882602098767862	1
0.853361787858345	0.370384028485165	-1
0.294588222482631	0.914689192960946	1
0.298627873361377	0.170493888056515	1
0.944677488887656	0.172617331419261	1
0.780789014157975	0.103070408242586	1
0.825018173215279	0.606147698295146	-1
0.736184777058494	0.411890152500204	-1
0.793672564356399	0.255782757875282	1
0.405157520190284	0.201684845813074	-1
0.130611902000957	0.187689244221382	1
0.159556404462258	0.883772446839634	1
0.816643902993250	0.631413791465568	-1
0.0305541308855796	0.622426430546763	-1
0.823497135695437	0.177084470716510	1
0.948397030081815	0.625848708962837	-1
0.460268498841646	0.876455653660146	-1
0.0695003047793414	0.178202978563138	1
0.195857237275154	0.884122118374896	1
0.298711468445708	0.250516236163517	1
0.975715106193772	0.586221155647510	-1
0.165316044856419	0.486873082950750	-1
0.777349978774401	0.839086287084837	1
0.474102851800009	0.739472577134459	-1
0.100236675311602	0.554516066883534	-1
0.0601816965144280	0.429472438279540	-1
0.861720314705014	0.779722542628934	1
0.0708716121029944	0.396667315899833	-1
0.440050570288512	0.394171884355014	-1
0.0323509215747284	0.0542950305495225	1
0.725566010997692	0.247121241003842	1
0.771589045418736	0.484108990274859	-1
0.485872486616551	0.511666573591686	-1
0.812129130758608	0.993527617668642	1
0.0759967149124641	0.762568901256859	1
0.0283328534410648	0.966023772533420	1
0.433507020834965	0.929880550051944	-1
0.143478050198143	0.236490563286212	1
0.808037066329201	0.0975221579704002	1
0.00175475364435140	0.409774325328297	-1
0.0962215381066635	0.131172608578969	1
0.421675024973116	0.754566728464401	-1
0.956301173607970	0.449783724777544	-1
0.371487236516994	0.199335481599013	-1
0.491320074854713	0.736517998687994	-1
0.267509216346759	0.203367460588069	1
0.576280334840543	0.768160368454895	-1
0.520045327247975	0.241280143752167	-1
0.978869080627559	0.613733487704976	-1
0.846242347596213	0.722631801419899	1
0.0871435958533396	0.117223115089934	1
0.422875820319271	0.180788384892000	-1
0.0414064878758635	0.193864461463192	1
0.731446443100109	0.404393724513204	-1
0.726499574168279	0.798189196221954	1
0.107091998815553	0.995241013277042	1
0.252499056193571	0.211804401990861	1
0.587179731499977	0.762341846792248	-1
0.435469011349774	0.961276586752869	-1
0.915968714765546	0.608506117574247	-1
0.0352927285925970	0.525629021187786	-1
0.782606590840516	0.484966518767135	-1
0.384515328479833	0.0382519894768205	-1
0.0394906003262301	0.928745278001823	1
0.434759300755123	0.582979705920789	-1
0.174380740094313	0.0154104132279962	1
0.583211469644893	0.293675293386791	-1
0.191035794052840	0.0452601821369605	1
0.383639378075521	0.794731529681172	-1
0.882179780555006	0.711365969870893	1
0.00184136063443696	0.536361268010108	-1
0.282514608313118	0.210947366659256	1
0.821408632195107	0.413915007879009	-1
0.294109431454648	0.515820663495435	-1
0.390100290285044	0.838334877242271	-1
0.835254610211636	0.481176081688008	-1
0.890216671253305	0.852764707269578	1
0.932588997352431	0.481528120748782	-1
0.129360617046314	0.272295872592021	1
0.713610359777742	0.969469264220633	1
0.625149199031600	0.375622592534595	-1
0.833618740770845	0.238600103405568	1
0.220503888860836	0.242704747514913	1
0.219386069688385	0.982653179528008	1
0.0280353394019490	0.802619525767890	1
0.286148937183355	0.388829023491005	-1
0.284450926073586	0.993708159044625	1
0.113193778907647	0.713765827005093	1
0.0716234254370061	0.102366984422743	1
0.581015353687781	0.447288867951519	-1
0.0660617909315602	0.921748849619465	1
0.484097038272404	0.632490987889895	-1
0.162402713558840	0.932185452930741	1
0.421958202441673	0.425920199903581	-1
0.962473544255085	0.0173737969439280	1
0.395760035175164	0.148055123035974	-1
0.411929571699202	0.959162355654271	-1
0.779264949423059	0.714469447506153	1
0.171375631528944	0.807891863332686	1
0.230797235793655	0.628685522156717	-1
0.702491951192397	0.118471080264435	1
0.973869424941119	0.623981073246436	-1
0.862436071698608	0.257584904861149	1
0.619773122559444	0.951303564634364	-1
0.879446841360147	0.0462057599233064	1
0.626195784314279	0.0880501273123243	-1
0.582953887164350	0.402179094135287	-1
0.107676235177141	0.561323323830618	-1
0.798408497912839	0.598155845918433	-1
0.875136806844760	0.0750508562141610	1
0.938561914809799	0.244788992597819	1
0.0579613927569110	0.108028311202500	1
0.249144978116015	0.112289200994770	1
0.375117890459934	0.267204546105472	-1
0.413529288103275	0.266392375643823	-1
0.165184220433118	0.936081279623042	1
0.941973857509164	0.186176927923841	1
0.128043356055901	0.507435095452657	-1
0.755388830654624	0.147594213749106	1
0.115718888510759	0.136751414122753	1
0.955548365898243	0.871569210195413	1
0.824147963955575	0.0123551045927317	1
0.152197387254032	0.722036106605153	1
0.392890269796926	0.878585300998519	-1
0.462762761766449	0.387446705382358	-1
0.737818251451129	0.246430445482503	1
0.875653560182455	0.111723553462704	1
0.973842391577327	0.846781138792694	1
0.622914554998592	0.779662202898200	-1
0.378041997485894	0.184135410449119	-1
0.898681751773086	0.0101795572933461	1
0.788760857952852	0.0859147851847423	1
0.0705867719123744	0.506571160327654	-1
0.907522626731964	0.386605295004411	-1
0.612738786508213	0.937296385592923	-1
0.750338175801376	0.159541227572663	1
0.580403345441455	0.779709931012603	-1
0.994522423130540	0.177462276185731	1
0.165867413446024	0.805293492811886	1
0.708822915711040	0.562383811081336	-1
0.166702876094510	0.470074765555492	-1
0.551480744595699	0.382872535051112	-1
0.772273631096565	0.256306730868091	1
0.0548825157535590	0.972037906953203	1
0.582509892505412	0.505286560269733	-1
0.761744751885447	0.198020730719716	1
0.185260368095339	0.104384167443236	1
0.535964441708085	0.888413346244056	-1
0.604938867660859	0.453713606901237	-1
0.0407915796933144	0.0647936415783419	1
0.270122793532389	0.850762129905981	1
0.178948820637500	0.279432980412490	1
0.527728194949800	0.911919617937373	-1
0.735075274240604	0.0597701738011598	1
0.917633085656947	0.615966324872765	-1
0.0305984436758793	0.563943232899573	-1
0.469635662188504	0.0377942764613848	-1
0.370318725663683	0.285785219292139	-1
0.0756366850223030	0.931249052120084	1
0.169957071780220	0.799851727135939	1
0.590129244280405	0.737419509953164	-1
0.450259656561841	0.0160636671491574	-1
0.791944304120960	0.425514554937692	-1
0.455798150978936	0.0293784350191676	-1
0.894465072748311	0.784176660748330	1
0.0725565114773917	0.980814838363703	1
0.808621719424292	0.779685378040724	1
0.536071659552693	0.284609461712204	-1
0.866079957955654	0.746254817052245	1
0.793612134065617	0.442523147513293	-1
0.586233173298685	0.419128308148907	-1
0.881507006587805	0.150771375419779	1
0.443176311942374	0.540292024958021	-1
0.0931638984832585	0.196360266362043	1
0.929496207556362	0.749182671596323	1
0.418572454279479	0.715660247509676	-1
0.526702554124963	0.704497043452544	-1
0.792788715672613	0.491079509911995	-1
0.0542019109115516	0.962708737578860	1
0.274073754592981	0.124944320968716	1
0.781056681981743	0.154970171141313	1
0.188844984713199	0.807604865577157	1
0.406479597643488	0.0673665741623887	-1
0.829480447489360	0.598418175498478	-1
0.917628651012621	0.856907145310387	1
0.618542000924163	0.900638468315614	-1
0.910471645956192	0.951495543147469	1
0.893861143599632	0.900046823983949	1
0.996385344429187	0.0419322032361951	1
0.890264966428751	0.870892177330941	1
0.782896572618745	0.442540532509408	-1
0.156707479627937	0.939673106189928	1
0.739483572866722	0.712841262309695	1
0.631736699977236	0.938907021258909	-1
